298	
299	
300	
301	
302	
303	
304	
305	
306	
307	
308	
309	
310	
311	
312	
313	
314	
315	
316	
317	
318	
319	DIS
320	DIS
321	DIS
322	DIS
323	DIS
324	DIS
325	DIS
326	DIS
327	DIS
328	DIS
329	DIS
330	
331	
332	
333	
334	
335	
336	
337	
338	
339	
340	
341	
342	
343	
344	
345	
346	
347	
348	
349	
350	
351	
352	
353	
354	
355	
356	
357	
358	
359	
360	
361	
362	
363	
364	
365	
366	
367	
368	
369	Carpool
370	Carpool
371	Carpool
372	Carpool
373	Carpool
374	Carpool
375	Carpool
376	DIS
377	DIS
378	DIS
379	DIS
380	DIS
381	DIS
382	DIS
383	Carpool
384	Carpool
385	Carpool
386	Carpool
387	Carpool
388	Carpool
389	Carpool
390	Carpool
391	Carpool
392	Carpool
393	Carpool
394	Carpool
395	Carpool
396	Carpool
397	Carpool
398	Carpool
399	
400	
401	
402	
403	
404	
405	
406	
407	
408	
409	
410	
411	
412	
413	
414	
415	
416	
417	
418	
419	
420	
421	
422	
423	
424	
425	
426	
427	
428	
429	
430	
431	
432	
433	
434	
435	
436	
437	
438	
439	
440	
441	
442	
443	
444	
445	
446	
447	
448	
449	
450	
451	
452	
453	
454	
455	
456	
457	